1947 3111
1056 1785
949 895
67 492
61 1262
506 1811
1315 1797
62 1263
299 708
1913 1247
426 350
471 919
322 1779
794 439
485 943
1337 1036
489 60
808 514
1444 1070
1281 1726
1170 755
772 54
916 1447
813 1893
1698 1446
1852 1885
740 1581
1033 1738
1883 711
745 1459
721 1485
484 412
51 502
1676 325
496 9
235 135
354 1483
824 1606
1610 1653
1064 1531
1119 1463
913 1013
208 1677
1329 361
1248 1161
1312 78
856 86
1408 46
1112 1366
1497 1931
892 429
1928 1721
708 182
22 430
1405 1013
1325 1854
569 39
1826 621
1538 1015
866 1687
1458 1710
1840 300
1144 1562
736 386
753 1595
1144 1667
817 1422
718 1895
602 1443
784 508
1563 79
204 126
176 1149
1566 1191
128 50
97 1253
1152 746
663 39
377 1449
1489 1271
52 1687
1203 1574
392 1325
532 1190
1538 629
225 1289
1344 190
1257 1899
1720 1106
1184 1698
1440 1434
120 1639
121 1204
586 219
548 1655
1867 228
562 1245
168 1534
601 563
993 167
578 165
242 1823
64 1230
1563 1351
322 1540
1877 831
701 591
761 117
964 1837
1638 23
156 1357
1689 163
914 1502
1328 1405
378 758
1643 590
1050 708
347 1453
1722 933
1178 1226
1451 396
323 695
904 131
1274 242
1170 6
1475 1133
1693 823
27 52
1365 1622
1561 955
1120 1066
1146 581
1365 975
59 1543
1514 254
702 1695
960 32
817 1337
979 1910
258 922
1081 1130
290 959
1018 1427
94 335
1259 1935
392 842
1491 1709
1091 1564
1595 39
832 1301
888 381
129 526
1924 542
600 1322
1811 1355
1864 1409
861 1591
225 1029
1771 605
1844 287
474 874
85 679
1777 186
1545 773
563 966
1094 486
425 1602
1331 1156
1637 550
0 1191
1836 1382
1908 1413
560 1478
1245 1318
433 1117
1508 1813
1877 62
897 1446
1245 485
304 126
1538 1068
960 1091
1290 1407
1786 1775
1664 225
1036 175
171 558
10 698
1304 665
1169 950
408 1747
210 159
1290 548
1768 102
1832 166
1202 764
257 405
1660 348
1092 29
792 1391
1534 1455
945 1646
875 987
96 1041
730 709
1515 1807
658 127
309 655
605 1639
1163 958
1298 1739
521 1427
48 1148
1858 1771
1448 386
795 1549
109 1942
522 1718
1690 774
1409 487
1690 1166
1825 1806
1050 1916
107 895
836 1245
531 1398
1612 326
1027 1509
1923 254
60 1117
1731 804
1464 964
116 983
1558 1822
1416 806
1336 571
473 1926
188 1933
641 1131
933 1726
1748 1351
1752 945
1626 1079
970 1326
1060 1902
1523 1134
1916 1214
1536 1719
660 1231
755 595
285 1941
1018 868
4 1071
1082 613
1313 1406
24 1774
1560 1017
274 743
914 595
254 1687
825 1102
1286 63
1633 369
298 484
797 1566
1942 455
349 822
427 179
723 355
696 1529
955 78
1075 198
853 565
744 1762
1291 502
529 1366
211 891
970 189
200 1731
1748 380
1777 420
1810 173
96 995
297 371
858 310
1801 1914
993 453
1171 1596
587 1558
1241 782
844 63
312 1922
185 727
1903 1359
1196 268
1762 883
611 1005
136 1904
1261 766
1753 775
1130 1461
1728 848
1774 1798
640 1934
486 887
926 350
1805 1478
809 196
1168 546
1741 1445
1659 107
1532 1469
1515 943
1894 1343
240 871
1798 1463
824 962
236 1607
1784 1126
1025 1343
1316 463
945 353
1762 850
509 710
1369 895
1340 879
1750 1118
1771 951
1587 606
1005 143
641 1757
1105 1702
1785 977
1092 637
1442 730
285 1454
675 1119
473 1900
1585 1015
421 829
1649 194
709 150
1578 575
872 729
352 594
435 214
312 1766
252 327
1072 867
381 455
1768 909
1785 1254
1873 1420
1900 62
928 1741
753 1935
1568 700
888 821
1240 1430
925 662
812 284
1061 1589
258 190
426 1846
339 621
1703 1087
1230 1702
1411 1654
440 1083
139 828
978 1199
97 1747
1563 838
1254 1535
634 365
108 196
410 1095
1376 535
1610 1189
1197 710
1610 1499
1745 428
1521 1356
1673 159
1649 460
234 1390
1386 707
1178 1139
216 1070
1853 454
441 1557
768 14
1555 1284
890 1942
890 1643
233 1412
171 612
777 1155
344 1412
1936 370
612 1095
753 361
1136 857
609 559
1016 514
865 1899
1726 71
782 1047
794 861
1624 387
836 733
145 487
1539 1375
776 926
899 1399
970 331
1182 1174
410 1940
1008 71
379 164
576 67
1008 1361
152 1510
881 1615
1464 247
249 740
1652 503
1819 1619
1270 1694
1161 157
1120 853
667 1413
49 71
1113 731
1873 963
385 1151
684 791
1052 1575
569 1092
1560 1338
1690 1127
978 941
1642 1292
1699 263
922 162
1000 240
1843 1588
1148 628
240 56
68 1023
1642 300
504 1812
748 1566
64 155
294 1790
1466 1726
172 486
611 517
194 375
692 581
1746 142
1042 789
414 22
1061 925
887 1911
210 1879
13 687
888 967
690 414
720 1329
1148 124
825 76
1099 1789
820 1247
622 286
34 651
656 1202
1446 1518
539 630
1789 1270
936 1572
1931 1710
1832 1398
1827 1702
1049 501
49 541
553 209
260 589
1288 1039
209 1435
1448 150
592 1242
1312 403
556 1015
1729 1883
944 1295
1604 1127
1149 295
925 1351
730 675
1282 1533
160 582
1649 1162
865 477
273 1851
1019 421
564 230
1854 175
610 619
748 1943
1089 670
726 1327
1834 413
309 1062
420 511
1161 1206
1372 685
82 621
128 1792
1113 1030
168 142
1592 138
1476 119
1130 39
1033 365
179 885
636 22
1052 1693
130 596
1634 1335
1001 766
271 823
1260 1013
1259 1773
1570 1053
132 261
1619 1182
56 421
1761 1015
325 1613
954 162
1587 1622
1320 1021
619 347
1624 313
797 1549
929 902
1314 1740
912 862
681 413
428 1575
214 1558
753 315
1715 164
1800 1762
763 1387
790 911
1926 799
382 1238
412 980
1333 495
1904 74
218 1589
1360 785
1643 124
930 243
1538 1877
285 1815
352 883
940 1901
21 1406
1472 1725
308 438
1610 644
547 1916
953 439
833 636
1137 1452
1448 1878
352 1438
1097 651
203 1917
464 1827
1667 307
440 1845
1362 1141
259 1366
920 1855
922 1059
1875 101
1234 1118
641 1559
202 1191
1192 641
953 86
1457 545
1609 1827
843 1263
1073 694
425 1130
875 887
27 982
1173 1175
1324 1918
680 1356
1353 837
59 1102
258 527
907 1719
1422 1167
1126 791
177 1183
283 295
395 351
288 1234
788 807
225 1705
580 886
1536 39
1216 554
44 343
439 1415
1562 703
880 1030
128 1471
1299 135
1056 669
513 1671
848 1679
1163 1027
635 295
994 1723
432 1715
730 331
769 1527
1075 879
331 1942
1627 902
945 956
612 934
776 739
648 1169
713 763
900 1453
154 163
178 971
1468 1111
201 268
827 1309
634 853
96 879
1153 9
548 893
619 1703
1547 1543
1044 1470
1706 1245
1656 1296
161 390
561 883
1233 681
857 1308
1192 1485
74 645
384 67
1507 1102
24 1117
1597 1917
1308 270
488 127
1012 516
72 1449
1052 861
1560 1879
80 1388
556 580
499 774
766 1823
1728 1530
1448 473
1801 1333
41 1791
1304 273
1523 1878
130 454
913 527
1786 95
1321 1906
1525 1502
164 109
1488 1241
217 1754
1160 1655
1299 1348
1715 28
1229 382
1120 964
540 1053
201 3
738 1268
616 1510
880 551
1352 1101
1346 637
1695 63
923 1164
706 723
200 1205
1146 1021
1795 1158
1010 1516
1605 367
1720 60
288 522
469 766
136 230
341 582
1664 518
864 242
355 1375
974 31
781 567
1873 319
300 1228
391 743
965 894
1603 1012
1216 716
745 1291
261 630
1496 31
394 1413
27 1455
898 1532
1660 1558
480 1855
827 1852
560 18
84 732
1566 127
1086 1567
1084 774
1316 1924
1160 334
705 1530
1496 1396
840 1715
1914 1527
1721 1211
696 1522
979 1396
747 1036
969 594
208 1170
361 1292
948 878
528 1482
248 1890
1413 103
1368 554
259 1915
961 1843
1029 1382
1699 364
400 163
1272 1518
688 210
820 1143
1704 520
1318 390
1437 191
346 316
1371 655
728 133
1017 1268
114 244
609 290
1718 966
1811 494
256 918
193 583
1233 1641
352 1518
1698 1654
1896 491
1786 1323
1644 756
1136 1033
257 1022
953 1929
152 1305
477 838
409 462
1362 250
1786 1070
1412 1534
1570 1181
361 118
1352 279
1457 1420
696 298
1177 559
1705 1390
864 199
873 1453
900 1327
1713 1882
1587 999
1312 66
836 1548
1385 123
1297 1474
1561 217
138 1708
1708 357
1018 1182
1425 1518
1762 1655
537 1237
624 301
572 830
228 12
378 1426
881 1794
1561 1911
986 1029
681 1830
860 829
105 178
1715 1191
1146 1542
1388 878
853 1455
1089 1603
1920 1927
784 111
792 725
345 954
1880 649
139 1582
121 1275
949 767
211 47
421 1871
1810 923
366 615
904 1807
781 718
1427 831
776 210
482 1597
931 1396
1033 484
1900 1076
296 1821
241 846
493 349
257 1767
591 695
266 2
189 1895
97 1077
146 875
1261 165
1076 1261
1635 844
145 405
1329 942
1040 914
548 812
998 1934
1321 251
1697 1251
707 207
1794 1643
795 717
502 550
216 324
1451 69
1152 1454
607 639
1002 1418
1904 566
1817 146
442 957
1417 1515
1275 695
844 1421
1320 1908
1697 1165
1152 203
1532 869
1601 1539
264 1564
1249 322
472 1586
1381 46
1869 1518
700 1837
350 1895
505 1150
1378 1254
1736 204
996 462
896 1156
1018 1514
1081 1917
689 1519
1029 1774
1915 476
1712 108
1346 1770
224 744
601 988
1615 1743
1741 1519
1741 1478
473 1844
621 1374
293 311
17 476
688 658
450 773
488 486
973 302
1220 190
1824 579
578 1277
1913 306
50 1278
872 1508
977 134
1884 68
597 1117
1733 1237
91 363
1080 1668
1800 1349
281 639
596 22
416 232
1929 906
537 1626
1914 1635
1907 1899
896 825
1136 916
1512 1225
1916 1652
1060 332
128 1015
1236 430
176 1232
1091 1678
360 277
1016 933
892 895
1087 1015
185 1214
129 19
419 140
1921 275
1380 1742
1332 1764
890 1691
280 499
1144 383
1300 590
1426 1581
1808 528
1174 918
1288 1006
1699 52
1576 151
184 1396
1801 130
1505 1718
1295 615
68 1533
136 118
1724 287
1227 1127
1867 1179
1291 1755
283 1372
1289 1748
607 231
1772 669
392 718
113 1293
1552 413
1156 1398
124 53
405 1759
613 102
1395 1340
1448 923
1865 180
1181 1831
696 1861
364 958
898 186
509 407
1480 159
1561 295
1439 143
529 1501
1134 1126
1803 1694
96 1102
1794 1789
972 1324
1769 868
365 1479
882 349
1474 370
1266 1223
1432 1849
517 494
1203 461
753 1334
1360 376
667 1031
1849 165
1662 295
570 1245
137 558
890 4
258 1347
565 1926
4 1151
664 1353
1643 444
978 1635
716 143
1197 1470
776 187
156 423
1469 1222
1753 868
1912 661
566 1487
309 141
37 319
761 1530
449 1027
284 1047
461 1037
1600 1453
984 1829
92 1343
1535 727
1729 4
299 1519
814 1031
324 134
170 1675
1853 357
659 1062
594 351
556 1870
1427 1887
529 1534
11 1631
652 911
762 445
1226 615
1832 566
1649 931
1400 1677
739 133
1868 1869
24 1914
1892 167
1902 1350
483 1839
553 524
586 1452
1539 1684
1435 1068
963 84
96 859
464 425
522 366
545 1669
1326 1215
1646 1543
884 278
1898 1796
1514 1150
1281 1262
1802 332
976 1346
698 290
221 1943
256 862
1592 1035
1492 772
1403 326
757 1447
907 1583
1078 591
1800 1393
1440 1620
729 1564
984 421
662 223
496 861
578 255
1124 1309
678 1287
1000 1865
1481 197
954 1659
1091 1117
1928 1706
1 1251
410 142
930 1307
637 1887
1937 955
845 143
1935 199
1890 188
1457 1635
1401 1723
1715 1742
1164 1165
745 1842
1096 1009
56 150
810 548
42 158
1838 143
515 156
432 1596
171 991
4 701
474 695
411 190
1161 215
817 590
754 1058
416 945
481 1420
592 269
219 942
1433 1867
960 1399
1635 1615
24 1789
1488 362
1313 477
513 253
1836 798
530 1694
8 231
645 302
1544 1767
1839 119
1785 1786
1032 621
314 163
1324 189
517 1758
56 1460
1210 811
798 199
563 1334
1131 1198
387 127
1753 359
770 1069
1652 388
545 42
644 1094
292 397
1133 1559
264 1148
1328 979
1297 510
322 423
897 886
583 911
178 495
541 23
472 1519
1141 726
100 462
1144 1931
257 1886
1748 293
1773 991
344 1785
584 1859
1226 1559
1733 607
816 519
1507 918
1262 207
919 151
186 442
423 1703
1317 190
1732 150
1354 1539
1835 1839
1443 445
1404 1423
91 1454
1418 1207
714 1015
937 566
1394 109
66 1895
209 1453
1569 349
809 1215
97 1527
993 1587
1515 516
1721 620
1025 127
468 223
642 1394
1044 695
757 975
1617 1154
686 1871
1780 399
1576 1640
570 1391
674 868
1692 1838
842 1142
1006 1223
969 1118
1328 1177
1690 1140
1114 803
1856 739
1884 700
1067 4
1234 278
1141 1110
1539 485
632 1416
1536 534
389 1655
1466 364
180 151
165 669
1785 1210
85 1670
723 965
276 623
1651 414
360 441
417 668
75 654
1915 1269
552 451
25 1486
560 274
865 486
1809 484
1934 1495
1475 603
1571 76
1184 1157
1304 171
1152 317
1152 1442
1280 1314
1448 81
108 125
495 199
1460 973
275 508
169 1485
1201 1268
329 634
692 927
489 564
1642 1239
1322 516
1049 653
450 1063
900 1078
1511 1071
721 1743
513 106
48 751
73 1201
1515 158
1368 886
265 1563
812 725
11 1795
1456 1002
546 1403
824 1848
448 33
813 1446
379 1807
26 1675
567 863
1595 926
190 719
466 187
331 1317
1257 1316
1473 990
799 1519
194 1470
1841 988
128 34
1250 707
352 681
629 1702
488 1010
795 1647
273 914
86 1847
983 967
1257 1551
641 1379
1113 890
222 1023
676 1701
653 719
146 731
529 1551
1816 363
128 1032
741 1046
1152 52
1568 122
1126 742
1345 1579
268 1583
1512 1851
783 479
1018 1610
474 518
155 1646
633 387
573 479
427 1791
1050 828
1500 1230
1416 1374
396 1870
552 1256
875 1244
1061 205
1300 389
104 350
625 1149
1377 1702
1555 1228
1785 540
1625 1276
738 1693
776 946
748 1157
804 1038
1205 1566
1918 87
449 839
1667 1163
467 1403
1581 878
252 333
424 1047
409 756
934 239
1689 689
1565 1070
1505 1221
1186 1158
965 1781
1196 1741
1012 1445
1065 549
177 1942
704 247
1395 1772
130 699
1800 441
1909 1943
539 374
1652 191
304 833
1694 55
328 1541
452 839
1088 471
1203 927
1748 1356
1448 1410
1816 1394
27 902
1843 1460
912 1906
1598 95
1393 1694
993 491
606 1383
1555 1398
291 1382
608 1031
964 1774
154 458
684 493
395 111
436 573
163 892
882 166
1378 1339
1884 1286
1576 188
1234 1362
1561 643
1565 566
89 271
1504 347
416 1179
1907 1195
27 1719
1289 877
1820 670
44 1294
236 757
848 490
1680 176
1578 902
1030 111
867 1133
675 499
1402 876
926 1366
1060 557
641 1859
1608 1871
1422 1007
1768 1195
17 77
1187 1287
706 1806
891 1172
890 1285
389 1397
274 1658
743 543
921 1035
640 1205
188 407
10 671
473 99
1097 1125
1225 382
1818 813
1273 334
843 599
858 1902
1329 191
905 213
704 1645
815 1351
109 487
284 588
859 1798
1427 1678
1045 1694
1341 1638
688 530
546 239
585 763
1668 1581
1072 317
1289 1055
562 303
1161 857
89 1929
131 183
1194 491
282 870
1224 899
924 1158
1937 286
470 543
1810 67
853 1814
0 1060
718 1311
497 1716
980 1727
1849 307
1593 1902
328 390
1721 663
569 1862
1475 227
403 311
522 1812
572 246
873 1638
170 1054
96 954
1617 475
645 1182
984 1123
1602 437
1320 1663
1227 1284
913 111
1089 1098
1385 1509
442 166
1251 503
1905 27
24 52
1161 31
1537 1559
1732 1462
672 761
936 1917
1762 1559
1276 1438
1634 758
1056 852
651 1111
1146 188
1003 223
1690 331
1800 1109
1833 1604
1804 1300
1812 1407
315 1451
930 439
256 209
1154 148
1480 244
1808 1059
1320 1027
1649 105
1064 1382
917 975
1136 862
1625 764
1329 401
1105 1063
906 1330
931 447
1509 343
370 115
706 357
1152 136
1352 1216
1384 111
70 1239
1346 836
800 268
1524 198
667 675
635 1620
1514 931
1431 1863
195 158
953 290
728 68
1833 91
921 124
1809 63
488 395
112 1546
421 463
793 1060
1898 1565
801 277
1193 844
819 627
1000 168
905 531
181 669
1850 1246
624 885
577 1028
1280 1267
1652 479
148 1925
964 564
267 805
911 1015
954 404
130 871
484 1686
1832 1875
891 1214
128 1049
656 1481
731 535
692 1118
366 1598
1901 991
1641 1714
1603 1085
984 1072
1513 1053
1632 565
1625 1219
1740 261
1196 1445
209 815
432 1914
828 620
1112 1929
753 1415
152 1674
884 1773
400 890
918 1190
175 1631
465 1914
237 374
906 1853
1066 1474
1304 385
1336 993
352 951
1602 900
1694 1351
956 1038
393 1134
1939 124
1785 285
20 1846
242 639
1465 604
712 498
393 1548
565 663
225 1833
1834 1095
441 172
196 110
776 507
1084 286
947 806
275 1900
144 630
1017 227
9 853
57 606
802 262
1626 421
1552 306
1360 664
1696 590
121 1244
1419 932
1338 1107
1436 854
1630 398
1898 1206
261 1887
20 1550
1579 619
1730 1543
524 1438
232 755
387 614
566 111
649 916
1516 260
866 1004
180 870
949 1727
1441 1726
1570 919
939 470
403 1006
651 1029
610 133
624 1688
1530 462
432 485
1544 301
904 1756
753 113
1503 607
1842 660
480 96
1619 1047
1565 695
833 1651
1107 1788
1427 1806
1521 331
1052 623
1516 1543
1611 860
806 1551
1638 975
883 1547
916 1854
1610 1493
680 360
676 965
89 1458
713 1919
129 214
1411 1531
816 1545
943 903
1148 1191
563 366
352 1352
688 551
1209 1325
793 1527
1546 415
168 1497
1673 218
1301 1031
1381 215
777 1098
1499 989
642 7
981 535
43 1247
1848 1413
251 1492
1691 1887
1726 1719
1129 667
473 631
1616 1629
1922 787
25 734
895 1015
316 1188
940 901
1621 886
1538 1158
153 1501
900 1006
1705 1239
1636 591
1724 548
699 1884
138 470
694 975
1917 702
1336 1900
1440 1364
768 1370
427 1079
82 1918
740 92
188 1412
849 373
126 1871
122 371
95 295
1120 457
85 1357
130 399
1459 895
1006 751
1059 1237
444 1862
930 1090
605 470
1020 1415
1713 1889
296 1450
1436 1615
1057 1945
220 1470
1208 278
478 1110
731 1742
646 1943
1569 1140
1144 1726
1690 1014
1944 677
256 1260
1120 88
1298 1019
1175 455
1937 1437
466 373
241 734
792 1155
7 271
1368 1261
817 175
1180 1213
1244 1277
112 1263
1209 129
482 507
1744 133
1704 491
993 244
1740 349
1537 439
844 47
257 553
274 303
664 1231
380 1191
825 1014
493 1430
288 1724
1398 1199
131 279
370 1429
176 295
894 671
258 1639
457 206
1444 701
86 294
133 1271
128 22
749 1070
697 845
224 53
1514 1484
49 236
1392 130
547 1051
752 1161
1765 326
1844 1893
480 994
8 1504
1315 1611
1482 1203
1274 3
1152 99
1411 1652
1714 510
1218 110
316 174
59 1598
618 1479
1808 535
496 666
1522 1026
1265 1434
1347 779
1581 1463
28 1431
152 681
1941 663
664 1860
288 1396
859 765
872 402
247 919
1608 452
105 651
649 299
1571 709
186 1578
1164 316
121 1793
1272 829
260 1630
120 1403
637 1855
861 287
249 1125
440 389
451 621
1704 1781
40 117
1653 694
648 189
273 276
673 542
2 468
274 1006
872 650
59 1668
691 1470
906 1100
1912 734
1776 1803
1935 135
1261 775
290 572
1124 1422
1633 1115
1246 503
312 208
1817 858
965 1142
1539 1103
561 1066
141 454
1000 663
1266 1637
1692 629
97 1346
1846 535
1858 109
1859 1348
425 975
1891 630
1737 1437
1529 1820
1826 150
1834 773
1832 375
978 670
592 130
421 358
696 1586
1768 408
225 1179
369 90
539 1407
816 505
312 1558
256 969
1608 783
1153 572
467 1085
1026 1909
725 1663
1233 1170
656 236
1145 1508
491 1588
252 1197
962 723
2 1052
513 639
1227 1782
904 724
720 429
1432 58
1345 1013
230 879
1345 22
380 39
1437 1135
226 931
1000 197
246 1711
821 237
126 1055
1123 661
731 1405
136 1145
1784 1694
253 223
568 734
1868 975
571 1763
528 1717
1696 1098
1108 415
1013 862
9 1204
1728 331
1208 1171
1516 1557
1336 1215
849 1189
1587 1629
98 671
673 645
778 1475
1148 1814
1838 1863
750 1543
1930 1771
199 127
1131 1598
1176 447
1434 821
1116 1055
866 38
49 1455
1317 885
504 665
394 854
456 1283
1499 1934
1861 1270
116 1423
966 807
1555 533
1898 85
720 218
1488 367
509 1189
1152 617
802 885
797 1559
1832 1321
1864 743
1138 686
1109 1071
1450 1182
1240 1191
1738 1926
1386 205
163 390
1706 852
688 1737
925 1645
737 42
752 1191
1530 46
697 1751
512 1868
1193 356
3 1293
377 1726
42 1554
18 1423
241 263
819 1916
393 1562
1731 1363
1785 890
824 383
73 330
1448 818
1147 637
849 1610
1776 93
1096 912
1233 338
1241 812
0 694
1018 685
1136 356
8 1215
592 1633
323 1500
1008 452
681 1292
414 1055
1801 1738
492 1534
467 982
737 979
1186 607
1699 607
1371 523
1560 1305
585 1029
1591 1551
1708 1412
1569 754
1088 340
1114 1891
1706 1542
1002 621
761 1255
601 1287
1534 1006
1384 856
1523 277
1085 1350
138 1853
1152 968
1309 1319
753 126
1665 14
1742 1038
538 203
84 1733
53 62
176 1855
1048 1900
960 1650
261 1519
1890 1382
216 1938
1908 389
402 196
464 97
36 743
525 1303
979 723
1894 1327
1128 929
1937 1556
529 1582
163 979
1185 746
1091 1156
441 548
368 877
908 942
520 611
252 773
170 598
49 101
1161 982
1024 739
1187 1774
587 550
96 1645
1521 263
1421 1310
1713 175
346 1740
1709 1079
971 116
377 1788
633 230
713 767
946 61
689 321
74 175
1537 283
898 1925
1106 223
1918 1311
369 4
968 762
1074 1925
898 853
566 1038
1672 22
795 596
1100 229
274 1725
434 949
1227 343
914 1709
208 336
1546 236
729 1266
1210 1174
1193 1284
1824 1650
391 111
904 1040
1171 1871
1694 1455
75 615
1728 1060
170 79
1609 515
899 1068
1595 1399
320 613
1274 549
1586 757
337 467
480 245
936 1593
952 1737
1896 1540
828 597
1379 902
1313 868
35 740
596 1725
432 542
1041 1022
56 350
1472 1906
1477 1926
1874 1814
129 1349
1784 1778
1771 1789
135 823
1236 823
1096 823
771 1191
1714 926
1436 1855
490 1319
1217 1395
443 1367
122 1715
1452 1335
1224 839
106 790
608 188
1235 1421
1489 841
319 415
42 18
1125 279
1656 68
1846 1359
592 658
966 1151
1145 961
338 191
154 742
1355 1524
1794 475
941 1773
1315 910
1225 211
633 785
1404 1557
1259 1836
680 1797
1304 1306
28 478
266 759
1197 1111
1162 293
898 359
1075 1278
1936 1788
113 1420
272 596
1137 218
416 1244
849 826
1400 346
1596 158
948 1244
473 1628
409 1564
1125 382
115 1591
321 1788
309 1782
1594 1139
1785 1735
1852 295
905 835
98 1524
1420 1838
440 1857
1125 735
833 558
1814 1654
379 1406
227 1164
1481 1404
706 1719
482 1275
1920 602
656 418
514 309
917 1023
1721 1546
1713 213
344 1788
1208 1554
1290 506
1372 669
1593 179
1837 1878
1202 142
397 246
225 519
269 1311
1104 88
1328 261
1286 311
237 1101
1725 1142
390 1886
971 1454
1665 1380
888 1675
1617 1473
145 122
321 365
728 1124
441 1631
1338 1869
334 7
1220 422
739 1799
729 948
1732 316
1520 448
408 1028
1766 1023
678 1727
1716 342
138 875
1491 294
1385 510
1154 1226
1531 1742
1137 1246
863 639
312 1694
1414 623
882 1519
1597 1783
918 1943
979 309
930 855
1240 1070
1264 239
264 265
248 929
1452 149
1161 1597
1915 1149
593 1630
1796 1567
1426 343
338 1908
715 590
346 740
21 470
1840 535
1706 1870
1785 1159
1880 1877
1441 12
605 581
149 335
352 707
1899 710
17 315
1538 1380
1218 46
249 1908
1946 86
632 497
1468 1142
1745 270
421 535
1141 231
1433 565
784 844
244 630
121 1614
1844 701
169 1577
492 573
1896 1623
306 1694
1801 932
992 1202
1410 84
1109 871
585 1684
472 16
0 553
1813 742
760 1898
1616 1358
811 836
282 30
341 502
1184 778
473 822
1121 702
11 182
520 837
1402 1101
760 33
27 580
1042 1355
425 1159
1883 44
1805 1350
56 69
1522 1125
1338 1565
1475 965
1200 1822
993 114
578 204
1771 407
736 1879
928 407
242 786
651 422
925 406
211 180
1569 1260
305 630
183 47
420 1389
866 1740
1537 989
114 862
1032 1427
524 468
562 972
1877 1279
1091 383
294 1607
546 1421
615 823
1475 1694
504 1451
49 186
1682 1459
1248 139
712 892
1744 1651
630 1942
1168 1297
978 1630
405 822
1768 108
1401 1194
1529 662
305 750
1212 669
582 1279
1794 1519
1833 699
1301 902
834 1302
1625 1645
1235 1043
86 415
642 1843
866 1375
1681 1554
825 1804
1059 677
1207 1447
197 1102
1665 525
592 178
1092 940
1496 289
1336 112
193 1685
1932 167
400 465
394 1164
253 822
1707 341
145 1859
913 846
872 628
1403 1875
1768 124
915 1879
1755 229
1290 941
127 1687
1018 1715
1907 127
1209 599
1130 1797
208 849
224 1007
609 1468
65 1751
1321 622
1133 869
1260 453
746 1332
312 1834
665 1863
1050 895
834 692
1075 84
802 798
150 1455
466 423
1874 410
1499 303
700 1284
152 1487
1417 1559
939 748
1355 460
59 1013
1105 1175
225 1017
1411 157
1561 759
126 1758
1103 815
144 726
1915 1388
1945 593
24 1517
1657 1494
953 1897
450 766
561 156
753 371
955 868
120 1366
1360 999
928 35
502 758
394 70
393 639
780 1455
1626 1442
534 695
1233 943
306 509
1067 1398
56 1783
722 1523
504 630
1386 1925
440 1310
1752 69
836 1718
436 647
1136 509
1544 1595
81 1742
1506 1876
138 715
1122 1910
1890 1107
0 95
1521 1661
952 1907
1483 222
1080 1885
1793 1908
964 1828
403 1316
1209 911
1452 1733
658 79
161 1715
480 1927
1848 1869
117 598
1866 380
984 1717
232 867
795 1011
1510 526
1097 1243
945 482
1763 1212
889 828
244 855
1873 30
1401 18
682 1748
781 71
217 807
1036 988
1432 1945
593 1259
297 1746
698 1347
912 1843
1648 1073
45 751
258 21
1858 1370
1424 1806
829 375
248 333
410 755
582 127
473 63
609 838
1380 1005
153 171
608 373
291 565
1417 1703
1609 203
77 318
1685 862
1152 238
893 1694
1460 1263
1555 1182
896 780
1475 13
284 1604
1042 1871
1777 1618
1022 623
1620 1598
1801 710
544 17
1762 1556
1245 550
1344 1033
1437 1502
946 1515
237 271
1883 1903
659 975
1902 815
1107 613
1280 227
665 483
1409 1277
1561 1711
1244 836
1824 761
825 935
444 204
89 905
10 252
233 323
1320 372
1224 1802
692 893
1665 693
1874 1419
539 839
1104 1777
404 1461
1872 381
1384 373
903 1839
1919 983
554 148
506 1930
1440 500
745 1004
1320 985
1235 356
1497 741
1768 533
357 847
13 999
1322 564
801 1342
954 543
49 491
413 1766
1912 481
1633 436
181 1077
1625 702
1240 345
114 551
1884 212
0 1000
192 800
1154 1683
948 806
1305 47
3 909
1149 823
1617 626
123 1613
1016 1611
1034 1429
650 655
866 84
580 908
1051 1860
1580 1191
488 151
536 1871
963 1733
1608 1371
572 918
1580 119
562 469
1505 1273
968 1123
1304 1132
1689 1143
840 1776
1568 1081
1185 1843
993 1395
1178 1495
577 1188
352 10
817 1889
1381 727
274 277
352 1876
170 1694
974 367
1088 707
1778 1655
85 1687
1258 589
217 702
1149 1230
1579 1531
645 1751
1793 236
1359 1015
1099 461
177 1371
957 1078
176 701
211 1455
1136 692
192 63
1610 150
58 774
181 350
945 1590
648 1265
803 1174
1472 1844
90 686
1612 982
648 331
1177 1815
1322 1228
584 1527
856 805
1040 1341
289 83
1563 1780
529 1426
1744 1222
1643 453
1770 196
424 15
1164 446
49 1785
1484 101
123 180
1538 1734
915 284
417 1470
570 1183
475 1077
829 1605
400 423
1627 1479
1574 1655
1161 586
1736 1308
787 1427
121 997
1490 1733
106 807
1168 1527
817 52
617 764
1680 1507
399 1887
1620 127
550 455
1880 1557
1144 1530
459 1244
298 1467
1517 1918
1448 799
788 927
1723 351
577 460
113 1398
1360 315
1367 1551
1538 236
1745 214
1160 1052
1322 947
1029 310
1922 221
1226 1467
1817 1807
1608 1183
1793 836
1715 1716
1561 853
1553 1562
1068 1870
1145 353
1084 1797
1272 577
1076 157
338 95
248 797
282 739
1708 1711
394 50
1130 1710
1402 1747
113 1057
1341 1286
1923 1783
450 1893
683 1630
177 51
182 1383
1768 1465
923 1068
1035 1557
1120 1427
753 1473
1785 73
624 998
1528 174
984 277
1942 231
1552 956
1537 438
1249 51
1109 630
1250 1453
1836 1069
488 1086
1896 1095
1752 823
1185 1819
1257 431
698 967
1661 839
680 252
1337 316
161 661
312 930
928 1089
970 1388
1625 306
1025 1847
1020 1695
1592 64
1410 1599
1181 1527
1841 498
961 1527
1128 322
795 1180
1194 1046
538 1435
60 1598
1528 1210
993 1145
740 268
1012 726
1704 394
1196 373
1424 1662
81 63
354 514
1740 300
1145 325
1546 1063
19 1654
8 248
147 519
1946 1467
1539 1917
539 245
914 1727
1154 812
1198 271
364 1260
24 1061
1592 1029
1498 1867
1304 113
1429 1558
1666 107
708 1012
627 1731
952 1015
417 1709
616 1638
640 558
899 117
1361 1453
900 758
200 819
882 5
1428 1055
995 1758
644 821
1777 605
1320 244
140 590
657 150
626 309
1048 570
1842 1244
1409 1589
1164 647
160 1871
1209 229
1211 271
1838 1526
1010 790
507 1623
1416 354
1425 1387
1120 718
1057 1089
1720 1816
41 1474
1883 1679
1145 1841
377 618
672 1116
97 359
337 1558
1316 1324
288 809
160 681
181 1574
1756 197
744 1357
1665 111
1937 1805
1884 942
446 1743
696 850
1587 899
850 775
810 1494
480 1084
491 1155
81 645
1763 79
1576 1426
299 1739
1604 1454
484 463
1237 1349
1521 1757
1594 1677
133 61
176 1342
1592 1644
1832 727
1282 590
1083 652
748 574
1205 566
1769 1677
1784 119
1530 429
373 1798
1793 1298
1618 916
942 1719
860 1038
328 1154
1346 1143
497 811
1541 494
1283 1405
1560 1907
889 570
747 1101
581 1477
1233 1162
264 1636
1022 1191
1625 938
1584 1411
1616 1315
1210 972
627 308
153 506
148 814
1890 221
1888 225
291 1639
1034 1446
620 990
644 1820
1370 343
397 670
864 669
592 1694
1853 519
489 169
1888 268
1352 1818
155 869
1883 692
1258 270
1946 1811
1656 488
529 26
1 812
1881 799
1713 86
1820 340
1061 1661
1835 109
768 271
1086 1863
1592 1487
758 1414
331 182
1701 1687
650 90
757 1246
1874 1747
1115 565
1144 919
316 1812
33 99
641 1230
1328 1727
1139 1207
121 1054
1252 727
1036 1093
746 1443
497 189
178 277
1403 1348
330 1758
1035 1933
1028 773
640 166
1377 1498
187 1573
200 1471
697 364
1065 1155
1373 1638
1080 1493
1152 546
22 734
331 766
25 429
942 1495
768 237
96 211
968 1908
1787 191
907 677
852 1692
194 189
1757 854
10 333
1449 1227
1760 510
754 967
632 270
1272 1497
1790 630
83 1158
251 1326
268 1750
211 126
17 1549
306 836
40 965
129 850
1058 1287
400 555
317 1143
160 1520
1442 1940
1571 580
1565 542
433 5
1736 1756
1902 1039
336 796
898 1459
1068 1534
73 1749
105 1909
1105 1618
617 909
350 1583
424 1673
464 1601
1293 1910
1768 1246
434 851
681 894
1059 139
572 1303
1368 841
802 580
177 795
386 1767
763 367
1433 367
556 47
1190 638
56 461
1273 364
49 1633
1357 1821
1553 1207
396 526
1626 1390
52 911
317 981
366 374
160 103
330 1539
1809 1579
779 1612
882 723
554 1483
1884 1253
138 1700
1803 1620
721 34
546 157